C2	1	0	0	0	0	1	1	1	0	0	0	0	1	1	0	1	0	0	1	0	0	1	0	0	1	1	0	1	0	1	0	0	0	1	0	1	0	1	1	0	1	1	1	0	1	1	1	0	1	1	0	1	0	1	1	1	0	1	0	1	1	1	0	0	0	0	1	0	1	1	1	0	1	0	0	0	0	0	0	0	1	1	0	1	0	0	0	0	1	1	1	1	0	1	0	0	1	0	0	1	1	0	0	0	1	1	1	1	1	1	1	1	0	0	0	0	1
C3	1	1	1	0	0	1	1	1	1	1	0	1	1	1	0	1	0	1	1	0	0	1	0	0	1	1	0	1	0	1	0	0	0	0	0	1	0	1	1	0	1	1	1	0	1	1	1	0	1	1	0	1	0	1	1	1	1	1	0	1	1	1	0	0	1	0	1	0	1	1	1	0	1	0	0	0	0	0	0	0	1	1	0	1	0	0	0	1	1	1	1	0	0	1	0	0	1	0	1	0	1	0	0	0	1	1	1	1	1	1	1	1	0	0	0	0	1
C4	1	1	1	0	0	1	1	1	0	0	0	0	1	1	0	1	1	1	1	0	0	1	0	0	1	1	0	1	0	1	0	1	0	0	0	1	0	1	1	0	1	1	1	0	1	1	1	0	1	1	0	1	0	1	1	1	1	1	0	1	1	1	0	0	0	0	1	0	1	1	1	0	1	0	0	1	0	0	0	0	1	1	0	1	0	0	0	0	1	1	1	1	0	1	0	0	1	0	0	1	1	0	0	0	1	1	1	1	1	1	1	1	0	0	0	0	1
C5	1	1	1	0	0	1	1	1	1	0	1	1	1	1	0	1	1	1	1	0	1	1	0	0	1	1	0	1	1	1	1	1	0	1	0	1	0	1	1	0	1	1	1	0	1	1	1	0	1	1	0	1	0	1	1	1	1	1	0	1	0	1	1	0	1	0	1	0	1	1	1	0	1	0	1	1	0	0	0	0	1	1	0	1	0	0	0	1	1	1	1	1	0	1	0	0	1	0	1	1	1	0	0	0	1	1	1	1	1	1	1	1	0	0	0	0	1
C6	1	0	0	0	1	1	1	1	1	0	1	1	1	1	0	1	0	0	1	0	0	1	0	0	1	1	0	1	0	1	1	1	0	1	0	1	0	1	1	0	1	1	1	0	1	1	1	0	1	1	0	1	0	1	1	1	1	1	0	1	0	1	0	1	1	0	1	0	1	1	1	1	0	0	0	1	0	0	0	0	1	1	0	1	0	0	0	1	1	1	1	1	0	1	0	0	1	0	1	0	1	0	0	0	1	1	1	1	1	1	1	1	0	0	0	0	1
C7	0	0	0	0	0	1	1	1	1	0	0	0	1	1	0	1	0	1	1	0	0	1	0	0	1	1	0	1	0	1	0	0	0	1	0	1	0	1	1	0	0	1	0	0	1	1	1	0	1	1	0	1	0	1	1	1	1	0	0	0	0	1	0	0	1	1	1	1	1	1	1	0	1	1	0	1	0	0	0	0	1	1	0	1	0	0	0	1	1	1	1	1	0	1	0	0	1	0	0	1	1	0	0	0	1	1	1	1	1	1	1	1	0	0	0	0	1
C8	1	1	0	0	1	0	1	1	1	0	0	1	1	1	0	1	1	1	1	0	0	1	0	0	1	1	0	1	1	1	0	1	0	0	0	1	0	1	1	0	1	1	1	0	1	1	1	0	1	1	0	1	0	1	1	1	0	1	0	1	1	1	0	0	1	0	1	0	1	1	1	0	1	0	0	1	0	0	0	0	1	1	0	1	0	0	0	0	1	1	1	1	0	1	0	0	1	0	1	0	1	0	0	0	1	1	1	1	1	1	1	1	0	0	0	0	1
C9	1	1	1	0	1	1	1	1	1	0	0	1	1	1	0	1	0	0	1	0	0	1	0	0	1	1	0	0	1	1	0	0	1	1	0	1	0	1	1	0	1	1	1	0	1	1	1	0	1	1	0	1	0	1	1	1	0	1	0	1	0	1	0	1	1	0	1	0	1	1	1	1	1	1	0	1	0	0	0	0	1	1	0	1	0	0	0	0	1	1	1	1	0	1	0	0	1	0	1	0	1	0	0	0	1	1	1	1	1	1	1	1	0	0	0	0	1
S1	0	1	0	0	0	0	1	1	1	1	0	0	1	1	0	1	1	1	1	0	0	1	0	0	1	1	0	1	0	1	1	1	0	1	0	1	0	1	1	0	1	0	1	0	1	1	1	0	1	1	0	0	0	1	1	1	1	0	0	0	1	1	0	1	1	1	1	1	1	1	1	1	1	0	0	1	0	0	0	0	1	1	0	1	0	1	0	1	1	1	1	0	0	1	0	1	1	0	1	1	1	0	0	0	1	0	1	1	1	1	1	1	0	0	0	0	1
S2	1	1	1	1	1	1	1	1	1	0	0	1	1	0	1	0	0	1	1	0	0	1	0	0	1	1	0	1	0	1	1	1	0	0	0	1	0	1	1	0	0	0	0	0	1	1	1	0	1	1	0	0	0	1	1	1	1	1	0	1	1	1	0	1	0	0	1	0	1	1	1	1	1	0	0	0	0	0	0	0	1	1	0	1	0	1	0	0	1	1	1	0	0	1	0	1	1	0	1	0	1	0	0	0	1	0	1	1	1	1	1	1	0	0	0	0	1
S3	1	1	0	0	1	1	1	1	1	0	0	0	1	1	1	1	0	1	1	1	1	1	0	0	1	1	0	1	0	1	1	1	0	0	0	1	0	1	1	0	0	0	1	0	1	1	1	0	1	1	0	1	0	1	1	1	1	1	0	1	1	1	0	1	1	0	1	0	1	1	1	1	1	0	1	0	0	0	0	0	1	1	0	1	0	1	0	1	1	1	0	0	0	1	0	1	1	0	1	0	0	0	0	0	1	1	1	1	1	1	1	1	0	0	0	0	1
S4	1	1	1	1	1	1	1	1	1	0	0	0	1	1	1	1	1	1	1	0	0	1	0	0	1	1	0	1	0	1	0	1	0	0	0	1	0	1	1	0	0	0	1	0	1	1	1	0	1	1	0	1	0	1	1	1	1	1	0	1	1	1	0	1	1	0	1	0	1	1	1	1	1	0	1	1	0	0	0	0	1	1	0	1	0	1	0	1	1	1	1	1	0	1	0	1	1	0	1	1	0	1	0	0	1	1	1	1	1	1	1	1	0	0	0	0	1
S5	1	1	1	0	0	1	1	1	1	0	0	1	1	1	0	1	1	1	1	0	0	1	0	0	1	1	0	1	0	1	0	1	0	0	0	1	1	1	1	0	0	1	0	0	1	1	1	0	1	1	1	0	0	1	1	1	1	1	0	1	1	1	0	1	0	0	1	0	1	1	1	1	0	0	1	1	0	0	0	0	1	1	0	1	0	1	0	1	1	1	1	1	0	1	0	1	1	0	0	0	0	0	0	0	1	0	1	1	1	1	1	1	0	0	0	0	1
S6	1	1	1	0	0	1	1	1	1	0	1	1	1	1	0	1	1	1	1	0	0	1	0	0	1	1	0	1	0	1	0	1	0	0	0	1	0	1	1	0	0	0	0	0	1	1	1	0	1	0	1	0	0	1	1	1	1	1	0	1	1	1	0	1	0	0	1	0	1	1	1	0	1	0	1	0	0	0	0	0	1	1	0	1	0	1	0	0	1	1	1	1	0	1	0	1	1	0	1	1	1	1	0	0	1	0	1	1	1	1	1	1	0	0	0	0	1
S7	1	1	1	0	0	1	1	1	1	1	0	0	1	1	1	0	0	0	1	0	0	1	0	0	1	1	0	1	0	1	0	0	0	0	1	1	0	1	1	0	1	0	1	0	1	1	1	0	1	1	0	1	0	1	1	1	1	1	0	1	1	1	0	1	1	0	1	0	1	1	1	1	0	0	1	1	0	0	0	0	1	1	0	1	0	1	0	0	1	1	1	1	0	1	0	1	1	0	1	1	1	1	0	0	1	0	1	1	1	1	1	1	0	0	0	0	1
S8	1	1	1	0	1	1	1	1	1	0	0	0	1	1	1	1	1	1	1	0	0	1	0	0	1	1	0	1	0	1	0	0	1	0	0	1	0	1	1	0	0	0	0	0	1	1	1	0	1	0	1	0	0	1	1	1	1	1	0	1	1	1	0	1	0	0	1	0	1	1	1	0	0	0	1	1	0	0	0	0	1	1	0	1	0	1	0	1	1	1	1	0	0	1	0	1	1	0	1	0	1	1	0	0	1	0	1	1	1	1	1	1	0	0	0	0	1
K1	0	0	0	0	0	0	0	1	1	1	0	1	1	0	0	1	0	1	1	1	0	1	1	0	0	0	1	1	1	0	0	1	0	0	0	0	1	1	1	1	1	1	0	0	1	1	1	0	1	1	0	0	0	1	0	1	0	1	1	1	1	1	0	1	1	1	1	0	1	0	0	1	0	1	1	0	0	0	0	0	1	0	0	0	1	0	1	0	1	1	1	1	0	1	0	0	1	1	1	1	1	0	0	0	1	1	0	1	1	1	1	1	1	0	1	0	1
K2	0	0	0	0	1	1	1	1	1	0	0	1	1	0	1	1	0	1	1	1	1	1	0	0	0	1	1	1	0	1	0	1	0	0	0	0	0	1	1	1	0	1	1	0	1	1	1	0	1	1	0	0	0	1	0	1	0	1	1	1	1	1	0	0	0	0	1	0	1	1	0	0	0	1	1	0	0	0	0	0	1	0	1	0	1	0	0	0	1	1	1	1	0	1	0	0	1	0	1	0	0	0	0	0	1	0	0	1	1	1	1	1	0	0	1	1	0
K3	0	0	0	0	1	1	1	1	0	0	0	1	1	1	1	1	1	1	1	0	0	1	0	0	1	1	0	1	0	1	0	1	0	0	0	1	0	1	0	0	0	0	1	0	1	1	1	0	1	1	0	1	0	1	1	1	1	1	1	1	1	1	0	0	0	0	1	0	1	1	0	0	1	1	1	1	0	0	0	0	1	1	0	0	0	0	0	0	1	1	1	0	0	1	0	0	0	0	0	1	0	0	0	0	1	0	0	1	1	1	1	1	0	0	1	0	1
K4	0	0	0	0	1	1	1	1	0	0	0	1	1	1	0	1	0	1	1	0	1	1	1	0	0	0	0	0	0	0	0	0	0	0	0	1	0	1	0	0	0	0	1	0	1	1	1	0	1	1	1	0	0	1	1	1	1	1	1	1	1	1	0	0	0	0	1	0	1	1	0	0	1	1	1	0	0	0	0	0	0	0	1	0	1	0	1	0	0	1	1	1	0	1	0	0	1	0	0	0	0	0	0	0	1	0	0	1	1	1	1	1	0	0	1	0	0
K5	0	0	0	0	1	1	1	1	0	0	0	1	0	0	0	1	0	0	1	1	1	0	1	0	0	0	0	0	0	0	0	0	0	0	0	1	0	1	0	0	0	0	1	0	1	0	1	0	1	1	0	1	0	1	1	1	1	1	1	1	1	1	0	0	0	0	1	0	1	0	0	0	0	1	1	0	0	0	0	0	0	0	1	1	1	0	1	0	0	1	1	0	0	1	0	0	1	0	0	0	0	0	0	0	0	0	0	0	1	1	1	1	0	0	1	0	0
K6	0	0	0	0	1	1	1	1	0	0	0	1	1	1	1	1	1	1	1	1	0	1	0	0	1	1	0	1	0	1	0	0	0	0	0	1	0	1	0	0	0	1	1	0	1	0	1	0	1	1	1	0	0	1	0	1	1	1	1	1	1	1	0	1	1	0	1	0	1	1	1	0	1	0	0	0	0	0	0	0	1	1	0	1	0	0	0	0	1	1	1	1	0	1	0	0	1	0	0	1	0	0	0	0	1	0	0	1	1	1	1	1	0	0	1	0	1
K7	0	0	0	0	0	0	0	0	1	1	0	1	0	0	0	0	0	1	1	1	0	1	1	0	0	1	0	0	1	1	0	1	0	0	0	0	1	1	1	1	1	1	0	0	1	1	1	0	1	1	0	1	0	1	1	1	0	0	0	0	1	1	0	0	1	0	1	1	1	1	0	1	0	1	1	0	0	0	0	0	1	0	1	0	1	0	1	0	1	1	1	1	0	1	0	0	1	0	1	1	0	0	0	0	1	0	0	1	1	1	1	1	1	0	1	0	1
K8	0	0	0	0	0	0	0	0	1	1	0	1	0	0	0	0	0	0	1	1	1	0	1	0	0	0	0	0	0	0	0	1	0	0	0	0	0	1	1	0	1	1	1	0	1	0	1	0	1	1	0	0	0	1	1	1	0	1	1	0	1	1	0	0	1	1	1	1	0	0	0	1	0	1	1	0	0	0	0	0	1	0	1	0	1	0	1	0	1	1	1	0	0	1	0	0	1	0	1	1	0	1	0	0	1	0	0	1	1	1	1	1	1	0	1	0	1
T1	0	0	0	0	0	0	0	1	1	1	1	1	0	0	0	0	0	0	0	0	0	0	0	1	0	0	0	0	1	0	0	0	0	0	0	1	0	1	1	0	1	0	1	1	0	0	1	0	1	0	0	0	1	1	0	1	0	1	1	0	0	1	0	1	1	1	1	1	0	0	0	1	0	1	0	0	0	0	0	0	0	0	1	0	1	0	1	0	1	1	1	1	1	1	0	0	0	0	0	0	1	0	0	1	1	0	1	1	1	1	0	0	1	0	1	0	1
T2	0	0	0	0	1	1	1	1	1	1	1	1	1	1	0	1	0	1	1	1	0	0	0	1	1	1	0	1	1	1	0	0	0	1	0	1	0	1	1	1	1	1	0	1	1	1	1	0	1	1	0	1	0	1	0	1	0	1	1	1	1	1	0	1	0	0	1	1	0	0	0	1	0	1	0	0	0	0	0	0	1	0	1	0	1	0	1	0	1	1	1	1	1	1	0	0	1	0	0	1	1	0	0	1	1	1	1	1	1	1	1	1	1	0	1	0	1
T3	0	0	0	0	0	1	1	1	1	1	1	1	1	1	0	1	0	1	1	1	0	0	0	1	0	1	0	1	1	1	0	0	0	0	0	1	0	1	1	0	1	1	1	1	1	1	1	0	1	1	0	1	0	1	0	1	0	1	1	1	1	1	0	1	1	1	1	1	1	0	0	1	0	1	1	0	0	0	0	0	1	0	1	0	1	0	1	0	1	1	1	1	1	1	0	0	1	0	1	1	1	0	0	1	1	1	1	1	1	1	1	1	1	0	1	0	1
T4	0	0	0	0	0	1	1	1	1	1	1	1	0	0	0	1	0	0	1	1	0	0	0	1	0	0	0	0	0	0	0	1	0	0	0	1	0	1	1	0	0	0	0	1	1	1	1	0	1	1	0	1	0	1	0	0	0	1	1	1	1	1	0	1	1	0	1	1	1	0	0	1	0	1	1	0	0	0	0	0	1	0	1	0	1	0	1	0	1	1	1	1	1	1	0	0	1	0	1	1	1	1	0	1	1	1	1	1	1	1	0	1	1	0	1	0	1
T5	0	0	0	0	0	1	1	1	1	1	1	1	0	0	0	0	0	0	1	1	1	0	0	1	0	0	0	0	0	0	0	0	0	0	0	1	0	1	1	0	1	0	0	1	1	0	1	0	1	1	0	1	0	1	0	1	0	1	1	1	0	1	0	1	1	1	1	1	0	0	0	1	0	1	1	0	0	0	0	0	1	0	1	0	1	0	0	0	1	1	1	1	1	1	0	0	1	0	1	1	1	1	1	1	1	1	1	1	1	1	0	1	1	0	1	0	1
T6	0	0	0	0	0	1	1	1	1	1	1	1	0	0	0	0	0	0	1	1	1	0	0	1	0	0	0	1	1	1	0	0	0	0	0	1	0	1	1	0	0	0	0	1	1	1	1	0	1	0	1	0	0	1	0	1	0	1	1	1	0	1	0	1	1	1	1	1	0	0	0	1	0	1	1	0	0	0	0	0	1	0	1	0	1	0	1	0	1	1	1	1	1	1	0	0	1	0	1	1	1	1	1	1	1	0	1	1	1	1	0	1	1	0	1	0	1
